 9 (8) 9 (7)(6)(5)(6)(7)(8) 9 (8)(6)(5)016(6)(7)(8) 9 (5)(6) 9 (8)(7)(6)(5)(4)(6) 9 (8) 9  9  9 (8)(8)(6)(7)(2)(1)(3)(4)(5) 9 (8)(8) 9 (4)(3)(4)(5)(6)(8) 9 (8)(6)(4)(1)035(1)(3)(7)(8) 9 (6)(5)(4)(5)(7) 9 (3)(2)(3)(4) 9  9 (4)(3)(2)(1)008 9 (8)(7)(6)(5)020(7)(8) 9 (6)(5)(3)005 9 (8)(7)(8) 9 (4)(3)(4)
(8)(7)(8) 9 (5)(4)013(4) 9  9  9  9 (6)(8)(7)(8) 9 (5)(4)(3)009 9  9 (8)(4)(3) 9 (8)(7)(8) 9  9 (7)(6)(5)(6)(1)041(1)(2) 9 (8)(7)(7)(8) 9 018(4)(5)(6)(7)(8) 9 (5)(3)(2)(1)(2)(5)(6)(7)(8) 9 (2)(3)(4)(5)(7) 9 005 9  9 (8)(8) 9  9 (3)(2) 9 (8) 9  9 (7)(6)(5)(6)(7)(8) 9 (6) 9  9  9 (7)(6)(6)(8) 9 005(2)
(7)(6)(7)(8) 9 (4)(3) 9 (7)(8) 9 (8)(7) 9 (8) 9  9 (6)(5) 9  9 (8) 9  9 (3)012 9 (7)(6)(4) 9 (8)(7)(5)(4)(3)(2)(1)(2) 9 (8)(7)(6)(5)(6)(7) 9 (5)(6)(7)(8) 9 (8)(6)(4)(4)(8)(7)(6)(7)(8) 9  9 (1)022(5)(6)(8) 9  9 (8)(7)(7)(7)(7)(8) 9 (3) 9 (7)(6) 9 (8)(8)(6)(7)(8) 9  9  9 (8)(7)(6)(6)(4)(5)(7)(8) 9  9 
(4)(5)(7)(8) 9  9  9 (8)(6)(8) 9  9 (8) 9  9 (6)(8) 9  9 (8)(6)(7)(8) 9 (4) 9 (7)(6)(5)(3)022 9 (8)(6)(5)(4)(3)(2) 9  9 (8)(7)(6)(4)(7)(6)(8) 9 (7)(8) 9  9  9 (8)(7)(5)(6) 9 (8) 9  9  9 (8) 9 (1)(6)(7)(8) 9 (8)(7)(6)(6)(5)(6)(7)(8) 9 (8)(6)(5)(4) 9  9 (8)(8) 9 (8) 9  9 (8)(6)(5)(5)(3)(4)(5)(6)(7)(8)
(2)(4)(5)(6) 9 (8)(7)(6)(5)(7)(6)(7) 9 (5)012(5)(6)(7) 9 (7)(5)(6)(7) 9  9  9 (8)(8)(6)(4)(3)(4) 9 (8)(6)(5)(7) 9 (8)(7)(6)(5)(4)049(4)(5)(7)(8) 9  9 (7)(8)(8) 9  9 (7)(8) 9  9  9 (8)(8)(7)(8) 9  9 (8) 9 003 9  9 (5)(4)(3)(4) 9  9  9 (7)(5)(4)(3)(2)(1) 9  9 (6)(7) 9 (8)(7)(5)(4)(3)(2)(3)(7)(8)(8) 9 
038(2)(3)(4)(8) 9 (6)(5)(4)(5)(5)(6)(8) 9 (8)(6)(7) 9 (8)(6)(4)(5)(6)(7)(8) 9  9  9 (7)(5)(4) 9 (8) 9 (7)(6)(7)(8) 9 (8)(7)(6)(5)(4)(5)(6) 9  9 (8)(7)(6) 9 (7)(5) 9 (8) 9  9  9 (8)(7)(7)(6)(5)(7)(8) 9 (3)(2) 9 (8)(6)(3)(2)(3)(8)(8) 9 (8)(6)(5) 9 (3)049(1)(2)(5)(6)(7) 9 (8)(7) 9 (3)050(5)(6)(8) 9 003
(2)(3)(4)(6)(7)(8) 9 (4)(3)(2)(3)(7) 9  9  9 (7) 9 (8)(7)(4)041(4)(6)(8) 9 (4)(8) 9 (8) 9  9 (8)(7) 9 (8) 9 (8) 9 (1) 9 (8)(7)(6)(5)(6)(7)(8) 9  9  9 (5)(4)(3)(4)(6) 9  9 (8)(7) 9 (6)(4)(3)(4)(6)(7)(8) 9  9 (7)(6)(4)(2)(1)(2)(7)(7)(8) 9 (7) 9 (8)(5)(1)(2)(3)(4)(5) 9 (8) 9  9 (8) 9 (2)(4)(7)(8) 9 (2)
(8)(7)(5)(6)(8) 9 (4)(2)(1)034 9  9 (8) 9 (8) 9 (8)(7)(6)(5)(4)(5)(6) 9 (4)014(7)(8) 9 (8)(7)(8)(6)(8) 9  9  9 (1)012(1) 9  9 (8)(6)(8)(8) 9  9  9 (8)(6)(3)032(3)(8) 9 (8)(7)(6)(8)(4)(3)(2)(3)(4)(5)(7)(7)(8) 9 (7)(5)(1)071(1)(5)(6)(7)(8) 9 (8)(7)(6)(5)(4)(4)(5) 9 (8)(7)(8)(6)(7)(8) 9 (5)(6) 9  9 (4)
 9 (7)(6) 9  9  9 (5)(6)(7) 9 (8)(7)(6) 9 (7)(8) 9  9 (8)(6)(5)(6)(7)(8) 9 (4)(6) 9 (8)(7)(6) 9 (5)(7)(8) 9 (3)(2)(1)(2) 9  9  9 (8) 9  9  9 (8) 9 (7)(6)(4)(6)(4) 9 (8)(7)(6)(5)(7)(6)(2)(1)(2)(3)(4)(5)(6)(7)(8) 9 (5)(3)(2)(2)(3)(4)(8) 9 (6) 9 (8)(8)(6)(6)(5) 9 (8)(7)(5)(4)(5)(6)(7)(8) 9 (7) 9 (8) 9 
 9 (8)(7)(8) 9 (8) 9  9 (8) 9 (8)(8)(5)(4)(6)(7)(8) 9  9 (7)(8)(7)(8) 9 (6)(5) 9 (8)(7)(6)(5)(6)(4)(8)(7)(8) 9 (3)(2) 9 (8)(7)(6) 9 (5) 9 (8)(7) 9  9 (8)(6)(7)(6)(8) 9 (8)(5)(4)(3)(2)(1)099(1)(5)(6)(7)(7)(8) 9  9  9 (8)(6)(5)(4)(5) 9  9 (5)(4) 9  9 (7)(7) 9 (8)(7)(5)(4)(3)(4)(6)(8) 9  9 (8) 9 (7)(8)
(3) 9 (8) 9 (8)(7) 9 (8) 9 (7)(6)(5)(4)(3)(4)(5)(6)(8) 9  9  9 (8) 9  9 (8)(6)(7) 9  9 (5)(4)(3)(2)(4)(5) 9 (5)(4) 9 (8)(7)(5)(4)(3)(4)(7)(6)(6) 9 (8) 9 (7) 9 (7) 9 (6) 9  9 (5)(6)(4)(3)(2)(3)(4)(5) 9  9  9 (8) 9 002 9 (7)(6)(5)(6)(7)(8) 9 (2)(3) 9 (8) 9 (2) 9 (5)(4)(3)052(3)(8) 9  9 (8) 9 (5)(6)(7)
002 9  9 (7)(6)(6) 9 (7)(8) 9 (7)(3)053(2)(8)(7)(8) 9  9 (8) 9  9 (6)002 9 (7) 9  9 (8)(7)(8)(2)044(2) 9 (8) 9  9 (8)(7)(5)(4)(3)(2)(3)(3)(4)(5)(6)(7)(8) 9 (8) 9 (7)(5) 9 (8)(7)(6)(5)(4)(3)(4)(5)(6) 9 (7)(6)(7) 9 (5) 9 (8)(7)(8)(7)(8) 9 (3)016(3) 9  9 (3)009 9 (7)(6)(4)(3)(5)(7)(8) 9 (6)(5)016(5)(6)
 9 (8)(7)(6)(5)(4)(8)(6)(7)(8) 9 (5)(4)(3)(4)(5) 9  9 (7)(6)(7)(8) 9  9 (8) 9  9 (8) 9 (6)(5)(3)(5) 9 (8)(7)(8) 9  9 (5)(4)(3)(2)(1)063(2)(3)(4)(5)(8) 9 (8)(7) 9 (5)(4)009 9 (8) 9 (6)(5)(5)(6) 9 (7)(8) 9 (5)(6)(8) 9  9  9 (8) 9 (8) 9 (5)(4)(2) 9 (8) 9 (4)(2) 9 (8)(7)(5)(4)(5)(6)(7) 9 (8) 9  9 (6)(7)
 9 (7)(5)(4)(3)(3)(4)(5)(6)(7)(8) 9 (5)(4)(5)(6)(7)(8) 9 (5)(6)(7) 9 (8)(7)(8) 9 (7)(8) 9 (5)(4) 9 (8)(7)(6) 9 (8) 9 (6)(6)(5)(4)(2)(3)(3)(4)(5)(7) 9 (8)(7)011(8) 9 (6)(4) 9  9 (8)(7)(6)(6)(7) 9 (8) 9 011(4) 9  9 (8) 9  9  9  9  9 (7)(6)(5) 9 (8)(7)(8) 9 (3)(4) 9 (8)(6)(5)(6)(7)(8) 9  9  9 (8) 9 (8)
(8)(8)(4)(3)(2)(1)(2)(6)(8) 9  9 (8)(6)(6)(8)(7) 9  9 (3)(4)(7) 9 (8)(7)(6)(7)(5)(6)(7)(8) 9  9 (8)(7)(6)(5)(6)(7)(8) 9  9  9  9 (3)(5)(4)(5)(6) 9 (6) 9 (8)(7)(8) 9 (7) 9 (8) 9  9 (8)(7) 9 (8) 9  9 (6)(4) 9 (8)(6)(7) 9 (8)(8) 9  9 (8)(8) 9 (8)(7)(6)(7) 9 (4)(5) 9  9  9 (6) 9 (8) 9 (2)(3) 9 (7) 9  9 
(7)(6)(5)(4)(3)078(3)(5)(6)(8) 9 (8)(7)(7) 9 (8) 9 (3)(2)(3)(4) 9  9 (6)(5)(3)(4)(5)(6) 9 002 9 (7)(6)(5)(4)(3)(2)(4)(5)(8)(7)(8) 9 (6)(5)(6)(8) 9 (4)(5) 9 (8) 9  9  9 (8)(7)(8) 9  9 (8) 9  9 004(5) 9  9 (8)(7)(5) 9 (8)(6)(7) 9 (2) 9  9  9  9 (8)(5) 9 (8) 9  9 (8) 9 (8) 9  9  9 (3)006 9 (8)(6)(7)(7)
 9  9 (6)(5)(2)(1)(4)(5)(8) 9 004 9 (8) 9  9  9 (4)(2)024(2) 9 (8)(7)(6)(4)(2)(3)(4)(8) 9 (2) 9 (8)(7)(6)(3)(2)(1)(2)(4)(5)(6)(7)(8) 9  9 (8) 9 (3)(2)(3)(4) 9  9  9 (8) 9 (6)(7)(5)(7) 9  9 (6)(5) 9 (8)(7) 9 (6)(4)(7)(6)(5) 9  9 (1)005(1) 9 (7)(6)(4)(6)(7) 9 (8)(7) 9 (7) 9  9 (5)(4) 9 (8) 9 (5)(5)(6)
 9 (8)(7)(6)(4)(2)(3)(4) 9  9 (3)(4) 9  9 (8)(8) 9 (4)(2)(3)(5) 9  9 (8)(2)(1)(2)(3)(8) 9  9 (8)(7)(6)(5)(4)(3)086(1)(2)(5)(6)(8) 9  9 (8) 9  9 033(1)(2)(3)(5) 9 (8)(7)(6)(5)(3)(4)(6) 9 (8) 9  9 (8)(7)(6)(5)(4)(3)(2)(3)(4)(7)(8) 9 (1) 9 (7)(6)(5)(3)(5) 9 (8) 9 (6)(8)(6)(8)(8) 9  9 (8)(7)(6)(4)(3)(4)
 9  9 (8)(7)(8)(3)(4)(5)(6)(8) 9 (5) 9 (8)(7)(6)(8) 9  9 (4) 9 (4)(3)(2)(1)086(1)(5)(7)(8) 9  9 (8)(7)(6)(5)(4)(4)(2)(3)(4)(5)(8) 9 (8)(7)(7)(8)(1)(3)(4) 9  9 (8)(7)(5)(4)(4)(2)(3)(5)(6)(7)(7)(8) 9 (8)(7)(7)(3)(2)068(2)(4)(6)(7)(8) 9  9 (8)(5)(4)030 9 (8)(7) 9 (5)(7)(5)(6)(7) 9  9 (7)(6)(4)(3)(2)(3)
(8)(7) 9 (8) 9 (4)(5)(6)(7) 9  9  9 (8) 9 (7)(5)(6) 9 (7) 9 (8)(5)(4)(3)(2)(1)(2)(3)(4)(5)(6)(7) 9  9 (7) 9 (7)(6)(3)(4)(5)(6)(7)(8) 9 (6)(5)(3)(2)(3) 9 (8)(7)(6)(5)(4)(3)(2)(1)(3)(6)(4)(5)(6) 9 (8)(7)(6)(5)(4)(5)(4)(3)(5)(8)(8) 9 (7)(8) 9 (7)(5)(6) 9 (7)(6)(5)(4)(3)(4)(5)(8)(7)(8) 9 (5)(4)(2)040(2)
(6)(5)(6) 9  9 (8)(7) 9 (8) 9 (8) 9 (7)(8)(5)(4)(5)(8)(6) 9 (7)(6)(5)(4)(3)(4)(3)(4)(5)(8) 9 (8) 9  9 (8) 9 (8)(7)(6)(5)(7)(7)(8) 9  9  9  9  9 (4)(5)(6) 9  9 (7)(6)(5)(4)(3)093(1)(2)(3)(4)(5)(6) 9  9 (8) 9 (6)(6) 9 (8)(6)(7)(8) 9 (6)(7)(8) 9 (6) 9 (8) 9 (5)(4)(3)(2)(3)(4)(6)(6)(7) 9  9 (4)(3)(3)(4)
(4)(3)(2)(3)(5) 9  9  9  9  9 (7)(6)(5)(6)(3)(2)(3)(2)(4) 9 (8) 9 (8)(7)(6)(5)(6)(5)(6)(7)(8) 9 (3)(5) 9  9  9 (8)(7)(6)(8)(8) 9  9  9 (8)(7)(8) 9 (6)(7)(8) 9  9 (8)(6)(5)(2)(1)(3)(4)(4)(5)(6)(7)(8) 9  9  9 (8)(7)(8) 9 (7)(8) 9 (6)(5)(6)(7) 9  9  9 (7)(6)(5)(3)(2)078(2)(3)(4)(5)(6)(7)(8) 9 (7)(6)(5)
(3)(2)044(2)(6)(7)(8) 9  9 (8)(6)(5)(4)(3)(2)(1)088(1)(2)(4) 9 (7) 9 (8)(7)(6)(7)(6)(7) 9  9 (3)(2)(3)(4) 9 (7) 9 (8) 9  9  9 (6)(8) 9 (7)(6)(7)(8) 9 (8) 9  9  9 (8)(5)(4)(3)(4)(4)(5) 9 (6)(7) 9  9 (7)(6)(5) 9 (8) 9  9 (8) 9 (5)(3)(4)(6)(8) 9 (8)(7) 9 (8) 9 (4)(3)(4)(3)(4)(6)(7)(8) 9  9  9 (8)(7)(6)
(5)(3)(2)(3)(7) 9  9  9  9 (8)(7)(7)(6)(4)(3)(2)(4)(2)(3)(4)(5)(6)(7) 9 (8) 9 (8) 9 (8) 9 (3)(2)014(4) 9 (8)(6)(7) 9 (7) 9 (6)005 9 (8)(6)011 9  9  9  9  9 (8) 9 (7)(6)(5)(4)(5) 9 (7)(8)(8)(8) 9 (7)(6)(5)(4)(5) 9  9 (8) 9 (2)048(2)(3)(4) 9 (8)(7)(6)(5) 9  9 (7)(5)(6)(6)(5)(7)(8) 9 (8)(7)(5) 9 (8)(7)
(5)(4)(3)(5)(6)(7)(8) 9 (8) 9 (8)(8)(6)(5)(4)(3)(4)(3)(4)(5)(6)(7)(8) 9  9 (6) 9  9  9 (5)(4)(3) 9  9 (8)(6)(5)(4)(5)(6)(7) 9 (7) 9  9 (8) 9 (8) 9  9  9  9 (7) 9 (8) 9 (7)(5)(6)(7) 9  9  9  9  9 (8)(7)(6)(3)(1) 9 (8)(7)(6)(5)(4)(3)(4)(5)(7) 9  9 (5)(4)(3) 9 (8)(6)(7) 9 (6)(7)(8) 9 (6)(5)(3)(4) 9 (8)
(6)(5)(4)(7)(8) 9  9 (7)(6)(7) 9 (8)(7)(6)(5)(6)(7)(5)(6)(7)(7)(8) 9 (8)(5)015(6)(7)(8) 9 (5) 9 (8)(7)(6)(5)(4)(3)(5)(7)(7)(8) 9 (2)(1) 9 (8)(7)(8)(7) 9 (7)(5)(4) 9  9 (8)(6) 9  9 (8) 9 (2)(1)(2) 9  9 (8) 9 017(1) 9 (8)(7)(6)(5)(4)(8) 9 (8) 9 (8)(7)(5)022(3) 9 (7)(8) 9 (8) 9  9 (7)(6)(2)030(3)(5) 9 
(7)(6)(5)(6) 9  9  9 013(4)(8) 9  9  9  9 (8)(7)(8) 9 (7)(8) 9  9 (8)(7)(6)(5)(7) 9  9  9  9 (8) 9 (8) 9 (8)(3)(2)(3)(4)(6)(7) 9 (1)006 9 (7)(6)(7)(6)(8) 9  9 (2)011(1) 9  9 (8)(8)(7) 9  9 008(1)(2)(3) 9 (8) 9  9 (8) 9  9 (8)(7)(5)(6)(8) 9  9  9 (6)(4)(3)(4) 9 (8) 9 (5) 9 (8)(7)(6)(5)(3)(3)(5)(7)(8)
 9 (7)(6)(7)(8) 9 (8)(7)(6) 9  9 (8)(7)(8) 9  9  9  9 (8) 9 (8)(6) 9 (8)(8) 9 (8) 9  9 (8)(7)(6)(8) 9 (8)(7)(6)046(2)(3)(7) 9 (3)(2) 9 (8)(6)(5)(6)(5)(7)(7)(8) 9 (1)(2) 9 (8)(7) 9 (6)(7)(8) 9  9 (3) 9 (8)(7)(8) 9 (7)(6)(5) 9 (7)(6)(7) 9  9  9 (8)(7)(5) 9  9 (7) 9 024(4)(7) 9 (8)(7)(8) 9 (7)(6)(8) 9 
002 9 (7)(8) 9  9  9 (8) 9 (8)(7)(7)(6)(8)(7)(8) 9  9  9 (7)(6)(5)(3) 9  9  9  9  9  9 (7)(6)(4)(6)(7) 9 (6)(5)(2)(3)(4) 9  9  9  9 (8)(7)(5)(4)(5)(4)(5)(6)(7) 9 (2) 9 (8)(7)(6)(6)(5)(6)(6)(7)(8) 9 (8)(7)(6) 9 (8) 9 (7)(4) 9 (8) 9 (8) 9 (8) 9  9 (8) 9 (8)(7)(6)(5)(4)(5)(6)(8) 9  9  9 (8) 9 (7) 9 (7)
(1) 9  9  9 (6)(8)(6) 9  9  9 (6)(5)(4)(7)(6)(7)(8) 9 (7)(6)(5)(4)(2)(3) 9 (8) 9  9 (8) 9 (7)(3)(7) 9 (8) 9 (4)(3)(4) 9 (8) 9 (8)(7)(6)(5)(4)(3)(2)(3)(4)(5)(7)(8) 9 (8)(7)(6)(5)(4)(3)(4)(5)(6)(7)(8) 9 (4)(5)(6)(7)(8) 9 (3)009 9 (5) 9 (5)(7)(8) 9  9  9  9 (8)(7)(6)(5)(6)(7) 9 (8)(8)(7)(7)(8) 9 (6)(5)
 9 (7)(6)(5)(5)(3)(4)(4) 9 (8)(7)(4)036(4)(5)(6)(8) 9  9 (7)(6)(1)019 9 (8)(7)(5)(6)(7)(8) 9 014 9 (8)(7)(8) 9 (4) 9 (8)(7)(8) 9 (8)(7)(7)(5)(2)086(2)(3)(4)(5)(6)(8) 9  9 (7)(4)(3)047(3)(6)(7)(8) 9 022(2)(3) 9 (8) 9  9  9 (3) 9 (4)011(4)(6) 9  9  9  9 (8) 9  9 (7)(8)(7) 9 (8)(7)(6)(5)(6)(7)(8) 9 (3)
(7)(6)(5)(4)(3)(2)(1)(2)(3) 9 (6)(5)(4)(5)(6) 9  9 (8) 9  9 (4)(3)(1) 9  9 (6)(4)(5)(6)(7)(8) 9  9  9 (6)(8)(8) 9  9 (7)(6)(7)(8) 9 (8)(8)(4)(3)(2)(3)(4)(5)(7)(8) 9 (7)(8) 9 (5)(4)(5)(6)(8) 9  9 (6)(5)(4) 9 (8) 9  9  9 (8) 9 (8) 9 (3)(5) 9 (8)(8) 9 (7)(7)(8) 9 (8) 9 (8) 9 (8)(6)(5)(4)039(8) 9 (4)(2)
(8) 9 (6) 9 (2)(1)037(1)(4) 9 (8)(7)(5)(6) 9 (8)(7)(7) 9 (8) 9  9  9 (8)(6)(4)(3)(2)(3)(4) 9  9  9 (7)(5)(6)(7)(7)(8) 9 009 9  9  9  9 (6)(5)(4)(4)(6)(5)(6)(7) 9 (5)(6)(7)(8) 9 (5)(7)(8) 9 (7)(8) 9 (6) 9 (8)(7)(8) 9 (8)(7)(6)(7)(8) 9  9  9 (7)(6)(7)(5)(6)(7)(7) 9  9  9 (5) 9 (8)(7)(5)(4)(6)(8) 9 007
 9 (8) 9 (8) 9  9 (1)(2)(6)(8) 9 (8) 9  9 (8)(7)(6)(6)(7)(6)(7)(8) 9 (6)(4)(3)(2)(1)(2)(5) 9  9 (8)(6)(4)(5)(5)(6)(7) 9  9 (8) 9  9 (8)(7)(6)(5)(5)(7)(6)(7)(8) 9 (3)(5)(6)(7)(8) 9 (8) 9 (5)(6) 9 (8) 9 (8)(7)(6) 9 (8)(7)(6)018(6) 9  9 (8)(7)(6)(5)(6)(3)(4)(5)(6)(7)(8) 9 (4)013 9 (8)(6)(5)(6)(7)(8) 9 
(8)(7) 9 (6) 9 (8) 9 (3)(5)(7)(8) 9  9  9 (8)(6)(5)(5)(4)(5)(6)(7)(8) 9 (3)(2)(1)051(1) 9 (8) 9  9 (8)(2)(3)(4)(5) 9 (8)(7)(7)(6)(4) 9 (8)(7)(8) 9 (8)(7)(8) 9 (1)(2)(3)(7) 9  9 (3) 9 (3)(4)(7) 9 (7)(8) 9 (4)(5)(6) 9 (8)(7)(6)(8) 9 (8)(7)(6)(5)(4)(3)(2)(3) 9 (7) 9  9 (7)(6)(4) 9 (8)(7)(8)(7)(8) 9 (1)
(7)(6)025(5)(6)(7)(8) 9 (6)(8) 9  9  9  9 (7)(5)(4)(2)(3)(5)(8) 9  9  9  9 (3)(2)(1)(2) 9 (7) 9 (8)(6)(1)(2)(3) 9 (8)(7)(6)(5)(4)(3)(3) 9 (8) 9 (1) 9 (8) 9 (7)053(1)(5)(8)(8) 9 (2)012(2) 9  9 (8)(6)(6)(7)(3)(4)(5)(6) 9  9 (7) 9 (4) 9 (8) 9 (6)(2)(1)041 9 (8) 9 (8) 9  9 (7)(5)(6) 9 (8) 9 (8) 9 (1)006
(8) 9 (5)(8)(7)(8) 9  9 (8) 9  9  9 (8)(7)(6)(4)(3)(1)(2)(3) 9  9  9  9 (8)(4)(3)(2) 9 (8)(6)(5)(4)(4)072(1)(6)(7) 9  9 (5)(4)(3)(2)(1)054 9 (1)004(1) 9 (6)(5)(3)(2)(3)(4)(7)(8) 9 (3) 9 (8)(7)(6)(5)(4)(3)(2)061(3)(6)(8) 9 (8) 9 (3)(2) 9 (8)(7) 9 (2) 9 (8)(7)(8)(7)(8) 9 (8) 9 (7)(8) 9 002 9  9 (2)(1)
 9 (7)(6) 9 (8) 9 (6)(5) 9  9  9 (8)(7)(6)(5)(5)(5)092(3)(4)(5)(7)(8) 9 (7)(5)(5)(3)(4) 9 (7)(4)(3)(2)(1)(3)(5)(6) 9 (8)(7)(6)(5)(4)(3)(2)(3) 9  9  9 (8)(7)(6)(4)(8)(6)(5)(6)(7)(8) 9 (4) 9  9  9 (6)(5)(8)(7)(3)(4)(5)(6) 9  9 (3)(2)(1)012 9  9 (8) 9 (8)(7)(6)(5)(6)(7)(8) 9  9 (8) 9  9 (3) 9 (8) 9 (2)
(7) 9 (7)(8) 9 (6)(5)(4)(3) 9 (8)(7)(6)(5)(4)(3)(2)(1)(7)(5)(6)(8) 9  9 (8)(6)(6)(4) 9 (8)(7)(6)(4)(3)(4)(4)(6) 9  9  9 (8)(7)(6)(5)(4)(3)(4)(7)(8) 9  9  9 (7)(5) 9 (8)(6)(7)(8) 9 021(3)(4) 9 (8)(7)(6)(7)(5)(4)(5)(6)(7)(8) 9 (4)(3)(2) 9  9 (8)(7)(5)(4)(2)(5)(4)(5)(6) 9 003(2) 9  9 (8) 9  9 (7)(8) 9 
(6) 9 (8) 9 (7)(5)(3)(2)032(2) 9 (8)(7)(6)(5)(4)(3)(2)(8)(6)(7)(8) 9 (5) 9  9 (8) 9  9  9  9  9 (8)(7)(5)(5)(6)(8) 9  9  9  9 (7)(6)(6)(4)(5)(6)(7)(8) 9  9 (8)(6)(7) 9  9  9  9 (4)(3)(4)(5)(8) 9 (8)(7)(8)(7)(6) 9 (8) 9  9 (6)(5) 9  9 (8)(7)(6)(5)(4)(3)067(2)(3)(6)(7)(8) 9 (4) 9 (8)(7)(8)(8)(6)(7)(8)
(5)(6) 9  9  9 (7)(5)(4)(2)(3)(4) 9 (8)(7)(6)(5)(4)(4) 9 (7)(8) 9 (5)(4)(3)(4) 9 (8) 9 (6)(5)(3) 9 (8)(6) 9 (8) 9  9 (8) 9  9 (8)(7)(8) 9 (6)(7)(8) 9 (3)(4) 9 (7) 9 (8)(7)(8) 9 (5)(6)(5)(6)(7) 9  9 (8) 9 (8) 9  9  9 002(2) 9  9 (8)(7) 9  9 (7)(6)(7)(4)(2)(3)(4)(7) 9  9  9  9  9 (8)(6)(7) 9 (4)(5)(6)
(4)(5)(7) 9 (8) 9 (6)(5)(3)(4)(5)(6) 9 (8) 9 (6)(5)(5) 9 (8) 9 (5)(4)(3)038(3)(4)(6)(7) 9 (4)(2) 9 (8)(7)(8) 9 (8)(7)(7)(8) 9  9 (8) 9 (8)(7)(8) 9 016(1)(3)(5) 9 (8)(8)(6)(7)(8) 9 (7)(6)(7)(8) 9  9  9  9  9 (8) 9 (8) 9  9 (8)(7)(6)(6)(7) 9 (8)(8)(7)(5)(5)(4)(5)(8) 9 (4) 9 (8)(7)(6)(5)(4)044(3)(6)(7)
(3)(4)(5)(6)(7) 9 (8)(6) 9 (5)(6)(7)(8) 9  9 (8)(6)(7)(8) 9 (7)(6)(5)(4)(4)(7)(5)(6)(8) 9 (1)023(1) 9 (8) 9  9  9 (6)(5)(7)(8) 9  9 009 9  9  9 (2)(1)(2) 9  9 (8)(7)(7)(5)(6)(7)(8) 9 (7)(8) 9 (7)(8)(7) 9 (8)(7)(8)(6)(7)(8) 9 (6)(5)018(5)(6) 9  9 (7)(6)(6)(5)(6) 9 (4)003 9  9  9 (8) 9 (5)(6)(4)(5) 9 
(2)(3)(4)(8) 9 (8) 9  9 (8) 9 (7)(8) 9  9 (8) 9  9 (8) 9  9 (8)(7)(6)(5)(6)(8) 9 (7)(8) 9 (3)(4)(3)(4) 9  9 (8)(7)(5)(4)(5) 9  9 (5)(4)(5) 9 (4)(3)(2) 9 (8) 9 (8)(5)(6)(4)(5)(6)(8) 9 (8) 9 (7)(6)(5)(6) 9 (8)(6)(7)(4)(5)(8) 9  9 (6)(5)(6)(8) 9  9 (8) 9 (8)(6)(7)(8) 9  9 (8) 9 (8) 9  9  9 (8)(5)(6)(7)
025(4)(5) 9 (8)(7) 9 (8)(7)(8) 9  9  9 (8)(7)(6)(5) 9 (2)(1) 9 (8) 9 (8)(7)(8) 9 (8) 9 (6)(4)(5)(6)(5) 9 (8) 9 (8)(5)(3)(6)(7)(8) 9 (8)(7)(8) 9 (4) 9 (8)(7)(6)(7)(4)(4)(3)(4)(5)(6)(8) 9  9  9 (7)017 9 (8)(7)(5)(4)(3)(4)(6)(6)(8) 9 (6)(8) 9 (6)(5) 9 (2) 9 (7)(8) 9  9 (8)(7)(8)(7)(8) 9 (8)(7)(6)(7)(8)
(2)(5) 9 (8)(7)(6)(4)026(6)(7)(8) 9  9  9 (8)(6)(4)(3)(2)021(1) 9 (8) 9  9  9  9  9  9  9 (5)(6)(7) 9 (8)(7)(6)(5)(4)(2)(3)(5)(7) 9  9 (8) 9 (7)(6) 9 (8)(6)(5)(4)(3)(2)(2)(3)(4)(7)(8) 9  9 (8)(7)(6)(7) 9 (7)(6)(3)(2)(3)(4)(5)(6)(8) 9  9 (6)(5)(4)(3)(1) 9 (8) 9 (8)(8)(7)(5)(4)(6)(8) 9  9 (8) 9 (8) 9 
(4)(5) 9  9 (8)(7) 9 (4)(5)(6)(7)(8) 9  9  9 (7)(5)(4)(3)(1) 9 (8)(7)(7)(8) 9  9  9  9 (8) 9 (7) 9 (8)(7)(6)(4)(3)(2)(1)(3)(4)(5)(8) 9  9  9 (8) 9  9 (8)(7)(6)(6)(4)(1)076(1)(2)(4) 9 006(1) 9 (8)(7) 9 (7)(6)(5)(4)(1)(4)(5) 9 (7) 9 (6)(8) 9 (4)(3)(1)028(1) 9  9 (7)(6)(5)(4)(3)(4)(5) 9 (8) 9  9  9 (1)
(5) 9 (8)(8) 9  9 (8) 9 (6)(8)(8) 9  9 (8) 9 (8) 9  9 (4) 9 (8)(7)(6)020(6)(7)(8) 9 (8)(7)(8) 9  9  9  9 (8)(6)(4)(3)092(1)(5)(6)(7)(8) 9  9  9 (8)(6) 9 (8)(8)(7)(6)(8)(3)(2)(3)(8) 9 (3)(2)(3) 9 (8) 9  9 (8)(6)(2)083(5)(6)(8) 9 (5)(4)(7)(8) 9 (4)(3)(1)(2) 9 (8)(7)(6)(4)(3)(2)(3)(4)(6)(7)(8) 9  9 002
 9 (8)(7)(6) 9 (8)(7)(8) 9  9  9 (7)(6)(7)(8) 9 (7)(8) 9  9  9 (8)(7)(6)(7)(8) 9 (8)(7)(6)(5)(7) 9 (8)(7)(6)(5)(3)(2)(1)(2)(6) 9 (8) 9  9 (8)(7)(6)(5)(6) 9  9  9 (7)(8)(4)(4)(6)(7)(8) 9  9  9  9  9  9 (8)(5)(4)(3)(1) 9 (8) 9 (3)(2)(3)(6)(7)(8) 9 (3)(2)(3)(4) 9 (8)(7)(5)(3)057(1)(2)(3) 9  9  9 (8) 9 
 9 (7)(5)009 9  9 (6)(8) 9  9 (7)(6)(4)(2)(4)(4)(6)(7)(8) 9 (5) 9 (8)(7)(8) 9  9  9 (8)(7)(4)(8)(5) 9 (8) 9 (6)(4)(4)(2)(3)(4)(5)(7)(8) 9 (7)(5)(4)(3)(2)(3)(4)(5) 9  9  9 (8)(7) 9  9 (8)(7)(8) 9  9 (8)(7)(6)(5)(6)(2)(3) 9 (8) 9 026(2)(5)(8) 9  9  9 (7)(6)(5)(6) 9 (8)(7)(2)(1)(2)(3)(4)(5) 9 (8)(7)(8)
 9 (8) 9  9 (8)(7)(5)(7) 9 (8) 9 (4)(3)(1)(2)(3)(5)(7) 9 (5)(4)(3) 9  9  9  9 (8)(6)(5)(4)(3)(2)(3)(6) 9 (8)(7)(5)(5)(4)(5)(6)(7) 9  9 (7)(6)(5)(4)(3)(1)(4)(3)(6)(8) 9  9  9 (8) 9 (2)(3)(6)(7)(8) 9  9 (8)(7)(6)(7)(5)(4)(5)(7)(8) 9 (3)(4) 9  9  9 (8) 9 (8)(6) 9 (8) 9 (4)(3) 9 (3)(4)(5)(6) 9  9 (6)(5)
002 9 (8)(7)(6)(5)(4) 9 (8)(7)(8) 9 (2)058(1)(3)(4)(6)(8) 9 (3)(2)(1)(2)(3)(4) 9  9 (4)(3)(2)(1)(2)(5)(6) 9 (7)(6)(6)(5)(6)(7)(8) 9  9  9 (5)(4)(2)(1)077(1)(2)(6)(7) 9 (8)(7) 9 (2)(1)(2)(5)(7) 9 (4)(3) 9 (8)(8)(8) 9 (6)(6)(7) 9 (7)(6)(5)(6) 9 (8)(7)(8) 9  9 (8)(7)(8) 9  9 (8) 9 (5)(7) 9 (8)(7)(5)(4)
(3) 9 (8)(6)(5)(4)(3)(4)(5)(6)(7) 9 (4)(2)(5)(4)(7)(7)(8) 9 (2)(1)026(1) 9  9  9 (8) 9 (5)(4)064(1)(4)(5) 9 (8)(7)(7) 9 (7) 9  9 (7) 9 (8)(6)(5)(3)(2)(1)(2)(3)(4)(6)(7) 9 (5)(2)(1)061(1)(4)(6)(7) 9 003 9  9  9  9 (8)(7) 9 (8) 9 (8)(7) 9  9 (8)(7)(6)(7) 9  9  9 (6) 9 (8) 9 (7)(8) 9  9 (8)(7)(6)(5)(3)
 9 (8)(7)(5)(4)(3)061(3)(4)(5)(8) 9 (5)(3)(4)(5)(6)(7) 9 (5)(4)(3)(1) 9 (8)(7)(8)(7) 9 (4)(3)(1)(2)(3)(4)(5) 9  9 (8) 9 (8) 9 (5)(6) 9 (8)(7)(6)(4)(4)(2)(3)(5)(5)(7) 9 (8)(4)(3)(2)(1)(2)(3)(5)(6) 9  9 (7)(6)(5)(4) 9 (8) 9  9  9  9 (8) 9 (8)(7)(6)(4) 9 (8)(7)(8)(5)(6)(6)(7)(6)(7) 9 (8)(7)(6)(5)(4)(2)
(2) 9 (7)(6) 9 (8)(3)(4)(6)(6)(7) 9 (5)(4)(5)(7)(7) 9  9 (7)(6)(5) 9 (8)(7)(6)017(6) 9 (6)(4)(2)(3)(6)(5) 9 (8) 9  9 (2) 9 (2)(4)(5)(7) 9 (8)(7)(6)(5)(3)(4) 9 (8) 9 (8)(7)(5)(4)(3)(2)(5)(4)(5) 9 (8) 9 (8)(7)(6)(3)(2) 9 (5)(6)(8) 9  9 (6) 9 (8)(5)026(4) 9 (6)(5)(3)(4)(4)(6)(5)(7)(8) 9 (8)(7)(3)(2)047
003 9 (8) 9 (8)(7)(6)(5)(6)(7)(8) 9 (6)(7)(6)(8)(8) 9  9 (8)(7)(6)(8) 9  9 (7)(6)(7)(8) 9 (5)(3)(4)(7) 9 (8)(7)(8) 9 (1)026(1)(3)(4)(6)(8) 9 (8)(7) 9 (7)(5)(6)(7)(8) 9 (8)(7)(6)(4)(3)(4)(5) 9 (8)(7) 9  9  9 (8)(2)(1)(3)(4)(6)(7)(8) 9 008(6) 9 (5)(4) 9 (8)(7)(4)(2)(3)(2)(3)(4)(5) 9 (7)(6)(5)(4)(3)(5)
(1) 9  9 (6) 9  9 (7)(6)(7)(8) 9  9 (8)(8)(7) 9  9 (8) 9  9 (8) 9  9  9  9 (8) 9 (8) 9 (7)(6)(4)(5) 9 (8)(7)(6)(7)(8) 9 (1)(2)(3)(5)(6) 9 033 9 (8) 9 (8)(7)(7)(8) 9 (6) 9  9 (7)(7)(6)(5) 9 (8)(7)(6)(5)(4)(3)(2)(1)048 9 (5) 9 (8) 9  9 (6) 9 (8)(6)(5)(6) 9 (8)(7)(1)088(1)(5)(5)(6)(8) 9 (7)(7)(6)(5)(6)
 9 (8)(7)(5)(7)(8) 9 (7)(8) 9 (4)(5) 9  9 (8) 9 (7)(7)(8) 9  9  9  9 (8)(7) 9  9  9  9 (8)(7)(5) 9 (8)(7)(8)(5)(4)(6)(8) 9  9 (7)(6)(7) 9 (1)(2) 9 (8) 9 (8) 9  9 (4)(5)(6)(6) 9 (8)(7)(6)(7) 9 (8)(8)(6)(5)(4)(5)(2) 9 (8) 9 (8) 9  9 (8)(7)(8) 9 (7)(6) 9 (8)(7)(6)(2)(1)(2)(3)(4)(5) 9  9 (8)(8)(7)(6)(7)
(8)(7)(5)(4)(6)(7) 9 (8) 9 025(3)(4)(5)(6) 9 (7)(6)(6) 9  9  9  9 (8)(7)(5)(7) 9 (8) 9  9 (8)(6) 9 (8)(6)(5)(4)(3)(4)(5)(6)(8) 9 (7)(8) 9 (2)(3)(4)(7)(8) 9 (5)(4)(3)(4)(5)(5)(7) 9  9 (7)(8) 9  9  9 (8)(6)(6)(7) 9 (8)(7)(8)(7) 9  9  9 (8) 9 (5) 9 (7) 9 (7)(6)(5)(4)(2)(5)(5)(6)(7)(8) 9  9  9 (8)(7)(8)
(7)(5)(4)(3)(4)(6)(7) 9  9 (1)(2)(4)(6)(7)(8) 9 (5)(5)(6) 9 (8)(7)(6)(5)023(5)(6)(7)(8) 9  9 (8) 9  9 (7)(7)(3)049 9 (8)(7)(8) 9 (8) 9 (6)(5)(4)(5)(6)(7)(8) 9 (6)(2)(4)(3)(4)(6) 9  9 (8) 9 (8) 9 (8) 9 (8)(7) 9 (8) 9 (6)(5)(6)(7)(8) 9  9 (5)(3) 9 (8) 9 (8)(7)(6)(5)(3)(4)(5)(6)(8) 9  9  9  9  9 (8) 9 
(8) 9 (3)(2)(3)(4)(5)(7)(8) 9 (7)(5)(7)(8) 9 (4)(3)(4)(5)(6) 9  9 (7)(6)(5)(6) 9 (8) 9 (3)(2) 9  9  9  9 (7)(4)(3)(4) 9 (8) 9  9  9 (8)(7)(8)(5)(8)(7)(8) 9  9 (1)030(1)(2)(3) 9 (8)(8) 9 (3)(7)(6)(7)(8) 9  9  9 (7)(6)(5)(4)(5)(7)(8) 9 (5)(4)(1)025 9  9  9 (8)(7)(6)(7)(8) 9 (7)(8) 9 (8) 9 (8)(8) 9  9 
(6)(5)(2)071(2)(3)(4)(5) 9  9 (7)(6)(7)(8) 9 (2)(1)(2)(3)(4)(6) 9 (8) 9 (6) 9 (8) 9 (3)(2)017(2) 9 (8)(7)(6)(5) 9  9  9  9 (6) 9  9  9 (8)(7)(6) 9 (8) 9 (7)(8) 9 (1)(2)(3) 9 (8)(7)(6)(7)(2)(3)(4)(7)(8) 9  9 (8) 9 (6)(4)(3)(4)(6)(8) 9 (6)(3)(2)(1)(2) 9  9  9 (8)(7)(8) 9  9 (8) 9 (5)(6)(8)(7)(7) 9  9 
(7)(4)(3)(4)(3)(4)(5)(6)(7)(8) 9 (7)(8) 9 (4)(3)053(1)(4)(5) 9 (8) 9 (8) 9 (8)(7)(8) 9 (3)(5)(6)(7) 9  9 (7)(6)(7)(8) 9 (4)(5)(8) 9 (1) 9 (8)(7)(8) 9 (5)(6)(7) 9 (2)(3)(4) 9 (7)(6)(5)(2)(1)(2)(5)(6)(7) 9  9 (6)(6)(5)(4)(2)(3)(5)(7)(8) 9 (4)(3)(4) 9 (8) 9 (2) 9 (8) 9 (6)(5) 9 (3)(4)(5)(4)(5)(6)(7)(8)
(6)(5)(4)(5)(4)(5)(6) 9 (8) 9  9 (8) 9 (4)(3)(2)(1)(2)(3) 9 (8)(7)011(7)(8) 9 (6)(7) 9 (5)(6)(7)(8) 9 003 9 (7) 9  9 014(3)(4)(6) 9 003(1) 9 (8) 9 (5)(4)(5) 9 (8) 9  9  9 (8)(7)(5)(4)(2)059(1)(7)(8) 9 (8)(7)(5)(7)(4)(3)(1)(2)(4)(5)(8) 9 (6)(6)(5)(6)(7) 9 003(2) 9 (6)(5)(4)(3)(2)066(2)(3)(4)(5)(6) 9 
(7)(7)(5)(7)(5)(6)(7)(8) 9  9  9  9 (7)(5)(4)(4)(5)(3) 9  9  9 (8)(7)(8) 9 (6)(5)(6)(8) 9 (7)(8) 9 (5)(4) 9 (8) 9 (7)(6)(4)(6) 9 (8) 9  9 (8) 9 (5)(4)(3) 9 (8)(7)(7)(8)(3) 9 (7)(6)(5)(3)(2) 9 (8) 9  9 (7)(5)(4)(3)(2)(1)106(1)(2)(6)(7)(8) 9  9 (8)(7) 9 (8) 9  9 (8)(7)(6)(5)(4)(3)(2)(3)(4)(5)(6)(7)(8)
(8)(7)(6)(7)(7)(7) 9  9 (8)(7) 9 (8)(7)(6)(5)(6)(6)(7)(8) 9 014 9 (8) 9 (3)(2)(4)(5)(7)(8) 9  9  9  9  9 (8) 9 (8) 9  9 (5) 9 (8)(7)(6)(5)(7)(8) 9  9 (2)013 9 (6)(5)(3)(2)029 9 (6)(5)(4)(4)(5)(6) 9 (8)(7)(6)(5)(5)(3)(2)(3)(4)(3)(4)(8) 9  9  9  9  9 (8)(7)(7)(6) 9 (8)(8)(7)(6)(7)(4)(6)(8) 9 (7) 9  9 
 9  9 (8)(8) 9 (8) 9  9  9 (6)(5) 9 (8)(8)(7) 9 (7)(8) 9 (5)(3)(7) 9 (4)(2)031(2)(6)(8) 9 (7)(6)(7)(8) 9 (7)(6)(7)(8)(8) 9 (8)(7)(6)(4)(4)(6)(8)(6)(8) 9  9  9 (7)(5)(4)(3)(2) 9 (8)(7)(5)(6)(6)(7)(8) 9  9 (8) 9 (7)(6)(3)(4)(5)(6)(7)(8) 9 (8) 9  9 (8)(7)(6)(6)(5)(3) 9  9 (8)(7)(6)(5)(6)(7)(8) 9  9  9 
(3)(2) 9  9 (3) 9 (8) 9 (6)(5)(4)014 9  9  9 (8) 9  9 (6)(5)(4)(5)(6) 9 (3)(4)(3)(7) 9 (5)(6)(5)(6) 9 (8)(6)(5)(5)(6)(7)(8) 9 (8)(6)(3)042(3)(4)(5)(6)(7)(8) 9 (7)(6)(5)(4)(5)(6) 9  9  9 (7)(8) 9  9 (3)(5) 9  9 (8)(5)(4)(6)(6)(7)(8) 9 (6)(7) 9 (8)(7)(6)(5)(4)(3)(2)(1)062 9 (8)(7)(6)(7) 9  9  9 (8) 9 
(2)(1)036(1)(2)(6)(7)(8) 9 (7)(5)(4)(6) 9 (8)(7)(8) 9 (8)(7)(5)(6) 9 (8) 9 (5)(4)(8) 9 (4)(3)(4) 9 (7)(6)(5)(4)(4)(5)(6)(7)(8) 9 (5)(4)(3) 9 (5)(6)(7)(8) 9 (5) 9 (7)(6)(5)(6) 9 005(1) 9 (8) 9 (4)(3)(2)(3) 9 (8)(7)(6)(5)(6)(7)(8) 9 (4)(5) 9 (8) 9  9  9 (7)(5)(4)(3)(2)(1)(2) 9 (8) 9 (8) 9  9 (8)(7) 9 
(4)(2)(1)(2)(3)(5)(6) 9  9 (8) 9 (6) 9  9  9 (6)(7)(8) 9 (8) 9  9 (8)(7)(8) 9 (5) 9 (5)(4)(2)(3)(4) 9 (8)(7)(3)042(4)(7)(8) 9  9 (8)(5) 9 (8) 9 (7)(8) 9 (4)(4) 9 (8) 9 (6) 9 (8) 9 (3)(4) 9 (6)(7)(4)029(3)(4) 9 (8)(7)(6)(7)(8) 9 (2)(3) 9 (8)(7)(6) 9 (8)(7)(6)(5)(5)(3)(4)(4)(5) 9  9  9  9  9 (8)(6)(8)
(5)(4)(3)(4)(5)(6)(7)(8) 9  9 (1) 9 (8)(8)(6)(5)(5)(6)(7) 9 (8) 9 (7)(5) 9 (8) 9 (4)(3)(2)021 9  9 (8) 9 (8) 9 (3)(5)(6)(7) 9 (8)(7)(6) 9 (7) 9  9  9 (4)(2)(3)(4) 9 (8) 9 (8)(7)(8) 9 (5) 9 (5)(4)(3)(2)(3)(4)(5) 9 (8)(7)(8) 9 (2)(1)(2)(3) 9 (8)(5)(4) 9 (8) 9 (6)(5)(4)(5)(5)(6)(7)(8) 9  9 (8)(6)(5) 9 
 9 (6)(5)(6)(6)(7)(8) 9  9  9 002 9 (7)(6)(5)(4)(4)(5) 9 (8)(7)(8)(5)(4)(7)(7)(8) 9 (4) 9  9 (8)(7)(6)(5) 9  9  9 (6)(7)(8) 9  9  9  9 (8)(6)(7)(8) 9 (2)(1)(2) 9 (8)(7) 9 (7)(6)(7) 9  9 (8)(7)(5)(4) 9  9 (7)(6)(7) 9 (8) 9  9  9 017(1)(2)(4) 9 (4)(3)021 9 (8)(7)(6)(5)(6)(7)(7)(8) 9  9  9  9 (5)(4)(3)
(8) 9  9 (7)(8)(8) 9 (8) 9 (8) 9  9 (8)(5)(4)(3)(2)(6)(7) 9 (6)(5)(4)(3)(6)(6)(8) 9  9 (8)(7) 9 (8)(5)(4)(3) 9 (8)(7)(8) 9  9  9 (8)(7)(6)(5)(6)(7)(8) 9 013 9 (8)(7)(6)(5)(4)(5) 9 (8) 9  9 (8) 9  9 (8)(7) 9 (8) 9  9  9  9  9 (8) 9 (2)(3) 9 (8) 9 (2)(1)(2) 9 (8)(7)(6)(7) 9 (8) 9  9 (8) 9 (8) 9 (3)016
(7)(7)(8) 9  9  9 (8)(7)(5)(7) 9 (8)(7)(6)(5)(3)(1)(2) 9 (7)(5)(4)(3)(2)(4)(5)(7)(8) 9 (6)(5)(6) 9  9 (2)(1)040 9 (8) 9  9  9 (8)(7)(6)(5)(4)(5)(7) 9  9 (1)(2) 9  9 (8)(4)(3)(4)(6)(7)(8) 9  9 (8) 9 (7)(6)(8) 9 (8) 9 (5) 9 (8)(7)(8) 9  9 (8)(7)(8) 9 (6)(4)(5) 9 (8)(7)(8) 9  9  9  9 (7)(8)(7)(8) 9 (3)
(5)(6)(7) 9  9 (8)(7)(6)(4) 9 (8)(7)(6)(5)(4)(3)061(1) 9 (8) 9 (5)(4)066(2)(3) 9  9  9 (5)(4)(5) 9 (8)(4)(6)(2)(3) 9 (8) 9  9  9 (8)(7)(4)042(4)(6)(7)(8) 9  9 (8)(7)(6)(5)048(3)(5) 9  9  9 (8)(7)(8)(6)(5)(7)(6)(7) 9 002 9 (8)(6)(7) 9  9 (7)(6)(7)(8) 9 (5)(7)(8) 9 (8) 9 (4)002 9  9 (6) 9 (6)(7) 9 (4)
016(5) 9  9 (8)(7)(6)(4)(3)(4) 9 (8)(7)(4)(3)(2)(1)(2)(3) 9 (7)(6)(5)(4)(3)(4)(6)(7)(8) 9 (3)(4) 9 (7)(6)(5)(4)(4)(5)(7)(8) 9 004 9 (7)(5)(4)(8)(7) 9  9 (5)(6) 9  9 (7)(6)(4)(4)(6)(7) 9 (8)(6)(5)(3)049(3)(4)(5)(6)(8) 9 (7)(6)(5) 9 (8)(7)(6)015(6) 9  9  9 (8) 9  9  9  9  9  9 (8)(7)(5)(7)(5) 9 (8) 9 
(5)(7)(8) 9 (8)(6)(4)(3)(2) 9 (8)(7)(6)(5)(5)(4) 9  9 (4) 9 (8)(7)(6)(7)(4)(5)(7)(8) 9 (3)(2)(3) 9 (8)(7)(6)(5)(6)(8) 9  9 (3)(2) 9 (7)(6)(6) 9  9  9 (5)(4)(3)(4) 9 (8)(6)(5)(8)(7) 9 (5) 9 (8)(7)(6)(5)(4)(5)(6)(8) 9  9 (8)(5)(4)(3) 9  9 (7)(6) 9 (8) 9  9  9 (8) 9  9  9 (8)(7)(6)(5)(4)(6)(4)(5)(7)(8)
(6)(8) 9  9  9 (8)(5)(4)(1)043 9  9 (7)(6)(8) 9 (7)(8) 9 002 9 (8)(7)(8) 9 (6)(8) 9 (3)(2)(1)(5)(3) 9 (8)(7)(8)(7)(8) 9  9  9 (3) 9 (8)(7)(7)(8) 9 (8) 9 (3)(2)(3) 9 (8)(7)(8) 9 (8) 9 (4)(5) 9  9 (7)(6)(5)(6)(7) 9  9 (8)(7)(4)(3)(2)(1)044 9  9 (8)(7) 9  9  9 (7) 9 (8)(8) 9  9 (5)(4)(3)046(3)(5)(6)(7)
(7) 9  9  9 (8)(7)(8)(3)(2)(4) 9 (8) 9 (7) 9 (8)(6)(7) 9 (2) 9  9 (8) 9 (8)(7) 9 (5)(4)(3)053(1)(2)(3) 9 (8) 9 (8) 9 (6)(7)(8) 9  9  9 (8) 9  9 (5)(7)(8) 9 016(4)(5) 9 (8) 9  9  9 011(3)(4)(5) 9 (8)(7)(6)(7)(8) 9  9  9 (6)(5)(4)(3)(2)(1)(2) 9 (7)(6) 9 (8)(6)(6)(5)(7)(6)(7)(8) 9 (5)(4)(3)(4)(5)(7) 9 
(8) 9  9 (8)(7)(6)(5)(4)(3) 9 (8)(7)(8) 9 (8)(6)(5) 9 (8) 9 (8)(7) 9 (5) 9 (8) 9 (6)(5)(4)(2)(2)(3)(4)(5) 9  9  9 012(5)(6)(8) 9 (8)(7) 9 (4)(3)(4)(6)(7) 9 (2)(4)(5) 9  9 (6)(8) 9 (2)(3) 9  9 (8) 9 (8)(8)(8) 9 (4) 9 (8)(7)(6)(6)(5)(3)(2) 9 (7)(6)(5)(6) 9 (5)(4)(3)(5)(5)(6)(7)(8) 9 (8)(7)(5)(6) 9  9 
 9  9  9  9 (8) 9 (7)(6) 9  9 (7)(6)(5)(4)(3)(4)(4) 9 (7)(8) 9 (6)(5)(4)(5) 9 (8)(7)(6)(6)(5)(4)(6)(5)(6)(8) 9 (7)(6)(7)(8) 9 (8) 9 (6)(5)(3)(2)(3)(4)(7)(8) 9 (5) 9 (8)(5)(4) 9 (5)(3) 9 (8)(7)(6)(7) 9  9  9 (4)014(4) 9 (8)(7)(7)(6)(5) 9 (8)(7)(6)016 9 (8) 9 (3)032(3)(4)(6)(8) 9 (5) 9 (8)(6) 9 (8)(8)
 9  9 (8)(7) 9  9 (8) 9 (8)(7)(6)(5)(4)(3)(2)(3)(3)(5)(6)(7) 9  9 (5)(3)(6)(5) 9  9 (8)(7) 9 (8)(7)(8)(8) 9  9 (8) 9  9  9 (8)(7)(8) 9  9 (2)034(2)(3)(6)(7) 9  9 (8)(7)(4)(3)(8) 9  9 (8)(7)(6)(5)(6)(7)(8) 9 (5)(4)(5)(7) 9  9  9 (8)(7)(8) 9 (8)(5)(4) 9 (7)(8) 9 (3)(7)(6)(7) 9  9 (4)(2) 9  9 (8)(7)(7)
 9 (8)(7)(6)008 9  9  9  9 (8)(7)(6)(3)(2)089(1)(2)(4)(5)(6)(7)(8) 9 (2)(3)(4)(7)(8) 9 (8) 9  9 (8) 9  9 (5)002 9  9  9  9 (7)(6)(7)(7)(8) 9 (2)(3)(4)(5)(6) 9 (8)(7)(6)(3)044(7)(8)(8) 9 (7)(5)025(7) 9  9 (8)(6)(6)(7) 9  9 (8)(7) 9 (8) 9 (7) 9  9  9 (8)(6) 9 (8) 9 (8) 9  9  9 (8) 9 004 9 (8)(7)(6)(6)
(5) 9 (8)(7) 9 (8)(8) 9  9 (8)(7)(7)(5)(4)(1)(2)(3)(6)(7)(8)(8) 9 (2)042(4)(5)(6)(7)(8) 9 (6)(5) 9 (7)(8) 9  9 (8)(8) 9 (8) 9 (5)(5)(6)(7)(8) 9 (4)(5) 9  9 (8)(7)(6)(5)(4)(3)(5)(6)(7) 9 (8)(7)(5)(6) 9  9  9 (7)(8) 9  9  9 (7)(6)(4) 9 (5)(6) 9 (8)(7)(7)(5)(7)(7)(8) 9  9  9 (8)(7)(8) 9  9 (7)(6)(5)(4)
(4)(6) 9  9 (8)(6)(7) 9  9 (7)(6)(5)(4)(3)(2)(3) 9 (8) 9  9  9 (5)(3)(2)(3)(7)(7) 9  9 (4)(3)(4)(5)(6) 9  9  9 (7)(7)(8)(7) 9 (4)021(4)(5) 9 (6)(5) 9 (8) 9  9 (8)(7)(6)(5)(4)(5)(7)(8) 9  9 (8)(6)(7)(8) 9 (8) 9  9 (2) 9 (8) 9 (4)(3)(3)(4)(5) 9 (7)(6)(6)(4)(6)(6)(7)(8) 9 (8)(7)(6) 9 (8)(7)(6)(5)(4)(3)
(3)(7) 9 (8)(7)(5)(5)(7) 9 (8) 9 (7)(6)(4)(3)(7)(8) 9  9  9 (7)(6)(5)(3)(4)(5)(8) 9 (4)(3)(2)(2)(3) 9 (8)(7)(6)(6)(6)(5)(6)(8) 9 (4)(5) 9 (8) 9  9 (8)(7)(8)(6) 9 (8)(7)(8)(6)(6)(8) 9  9 (8) 9  9 (8) 9 (6)(7)(8) 9 002 9 (7)(8) 9 (2)015 9  9 (8)(7)(5)(4)(3)(5)(5)(8)(7)(8) 9 (6)(5)(6) 9 (8) 9 (6)(3)(2)
006 9 (7) 9 (8)(4)(3)(4)(5) 9  9 (8)(7)(6)(5)(6)(7)(8) 9  9  9 (7)(8)(4) 9 (7)(8) 9 (5)(4)027(1) 9 (8)(7)(6)(5)(5)(3)(4)(5)(6) 9 (5) 9 (8)(7) 9 (8)(7)(6)(6)(5)(3) 9 (8) 9  9 (7)(8) 9  9 (7)(6)(5) 9 (4)(5)(6) 9  9  9 (8)(6)(7)(7) 9  9 (8)(7)(6)(5)(4)(3)070(3)(4)(5)(6)(7)(8) 9 (3)(2)(3) 9 (8)(7)(2)(1)
 9 (8)(6)(7)(5)(5)(2)(3)(4)(5) 9  9 (8)(7)(6)(8)(8) 9 (8) 9 (8) 9  9  9 (8) 9  9 (7)(4)(2)(1) 9  9  9 (8)(5)(4)(3)055(3)(8)(7)(8) 9  9 (7)(6)(5) 9 (8)(5)(4)(3)(2)(1) 9  9 (8) 9  9 (8)(8) 9 (5)(4)019(3) 9  9 (8) 9 (7)(6)(5)(6)(6)(7)(8) 9 (8)(7) 9 (6)(4)(3)(4)(5)(8)(7)(8) 9 (2)(1)033 9 (8)(7)(2)(1)061
(8) 9 (5)(4)(4)(3)(1)(2)(3)(6)(8) 9  9 (8)(7) 9  9 (6)(7)(6)(7)(8) 9 (8)(7) 9  9 (6)(5)(3) 9 (8) 9  9  9 (6)(5)(5)(3)(4) 9 (8) 9 (6)(5)(4)(3)(3) 9 (7)(6)(7)(3)(2)029 9 (8)(7)(8) 9 (6)(7) 9 (6)(5)(7) 9 (8)(8)(7)(8) 9 (5)(4)(6)(5)(6)(7)(8) 9 (8)(8)(7)(5)(6)(6)(6) 9 (8) 9 (5)(3)(2) 9  9 (7)(6)(5)(2)(1)
(7)(6)(4)(3)(2)(1)080(3)(4)(8) 9 (6)(5) 9 (8) 9 (6)(5)020(5)(8) 9 (4)(5)(6)(7)(8) 9 (6)(5) 9 (7) 9  9 (8)(7)(6)(6)(4)(5)(6)(7)(8) 9 (6)(2)026(2)(3) 9 (8)(8)(6)(4) 9 (8)(7)(5)(4)(3)(5) 9 (8) 9  9  9 (8)(7)(5)(6)(7)(8) 9 (3)029(4)(7)(8) 9  9  9  9 (8) 9 (8)(7)(7) 9  9 (7)(6)(4) 9 (8)(7)(6)(5)(4)(3)(4)
(8)(7)(5)(4)(3)(2)(5)(4)(5) 9  9 (5)(4)(3) 9  9 (7)(6)(7)(8) 9 (4)(3)(4)(5)(6)(7)(8) 9  9 (8)(6)(7)(8) 9  9 (7)(7)(8)(6)(8) 9  9 (8) 9 (4)(2)(3)(5)(6) 9 (8)(7) 9 (8) 9  9 (4)(3)(2)(3)(5)(7)(7)(8) 9  9 (6)(4)(5)(6)(7)(8) 9 (3) 9 (8) 9  9  9  9 (8) 9 (6) 9 (8)(8) 9 (8)(7)(6)(5) 9  9 (8)(8)(6)(7)(4)(5)
 9 (7)(6)(5)(4)(8)(6)(5)(6)(7)(8) 9 (3)015(3) 9 (8) 9 (8) 9 (7)(6)(2)031(2)(7) 9  9 (8)(7)(6)(5)(6)(7)(8) 9  9 (8) 9 (7) 9 (5)(6)(7)(8) 9  9 (8)(6)(7)(8) 9  9 (8)(7)(4)(3)(2)(1)072(1)(4)(5)(6)(7) 9 (7)(4)042(4)(5)(7)(8) 9  9 (8) 9 (8)(7)(8) 9 (7)(6)(5)(3) 9  9  9  9 (8)(7)(6)(8) 9  9  9  9 (6)(5)(6)
 9 (8)(7)(7)(5)(7)(8)(6)(7)(8) 9 (7)(5)(6) 9  9  9  9  9 (6) 9 (7)(4)(3)(4) 9 (8)(7)(6)(5)(6)(4)(5)(6) 9  9  9  9 (8) 9 032(4)(5)(6) 9  9  9  9 (8) 9  9 (2)002 9 (6)(5)(4)(4)(3)(1)(2)(3)(4)(5) 9 (7)(6)(5)(4)(7)(6)(8) 9  9 (7)(7)(4)(7)(6)(7)(8) 9 (5)(4)023(4)(5)(8) 9  9 (8)(7) 9 (2)(4) 9 (8)(7)(6)(7)
(4) 9 (8)(8) 9 (8) 9 (7)(8) 9  9 (8) 9 (7)(8) 9  9  9 (6)003 9 (8)(6)(4)(5) 9  9 (8)(6)(4)(2)(3)(4)(5) 9  9 (8)(7)(6)(5)(4)(5)(6)(7)(8) 9 (8)(7) 9 017(1) 9  9 (8)(7)(6)(6)(5)(4)(4)(3)(7)(6)(7)(8) 9 (7)(6)(5)(8)(7) 9 (8)(7)(6)(5)(3)(2)(4)(5)(6)(7) 9 (4)(3)(5)(6)(7)(8) 9  9 (8) 9 007(2)(3) 9  9 (7)(8)
(3)(4) 9  9 (5) 9  9 (8) 9  9  9  9 (8) 9  9 (8) 9 (8) 9  9  9  9 (7) 9  9 (8)(7)(6)(3)(2)065(2)(4)(5)(7)(8) 9 (8)(7)(6)(5)(6)(7)(8) 9  9 (8)(6)(5)(1) 9 (8)(7) 9 (8) 9 (8)(6)(5)(5)(6)(8) 9 (8) 9  9 (8)(7)(6)(7) 9 (8)(7)(6)(4)(3)(2)056(3)(4)(7) 9  9 (5)(7)(6)(7) 9  9 011(5) 9 (4)(2) 9  9 (7) 9 (8) 9 
(2)(3)(2)(3)(4)(5)(6) 9 (8) 9 (8)(7)(7) 9 (8)(7)(5)(7) 9 (8) 9  9  9 (8) 9 (7)(6)(5)(4)(3)(3)(3)(5)(7)(8) 9 (4) 9  9 (8)(6)(7) 9  9 (8) 9 (7)(6)(4)(3) 9 (8)(6)(5) 9 (3) 9 (7)(6) 9 (8) 9 (4) 9 (8) 9  9  9 (7) 9  9  9 (8)(7)(6)(5)(4)(2)(4)(5)(6)(7)(8) 9 (8) 9  9 (7)(6)(4)(5)(6) 9  9 (8)(7)(6)(5) 9 (8)
(1)032(1)(2)(3)(6) 9  9 (7)(3)(2)(5)(6) 9  9 (6)(4)(5)(6)(7)(8) 9  9 (6)(4) 9 (8)(7)(6)(5)(5)(4)(7)(8) 9 (4)(3)(2)(4) 9 (7)(8) 9 (6)(7)(8) 9 (6)(5)(4) 9  9 (5)(4)(3)(2)(2) 9 (8) 9  9 (5)(3)(8)(7)(8) 9  9  9 (8)(7)(6) 9  9 (8)(6)(5)(3)(5)(8) 9  9  9  9  9 (6) 9 (8)(7)(5) 9  9 (8) 9 (7)(6)(5)(4)(6)(7)
(2)(1)(2)(3)(4) 9 (8)(7)(6)(4)(1)(3) 9 (8)(6)(5)(3)(2)(3)(8) 9 (8)(7)(5)022(5) 9  9 (8)(7)(7)(6) 9  9 (7)(6)(1)027(2) 9 (8) 9 (6)(5)(6)(7)(8) 9 (6) 9 (8)(7)(6)(4)(2)(1)026 9  9 (5)(4)(3)(2)(4)(5)(6)(7)(8) 9 (8)(7)(5)(4)(3) 9 (8)(8)(7)(6)(7)(8) 9  9  9 (6)(5)(4) 9 (8) 9 (8)(7)(6)(8) 9 (5)(4)024(5)(6)
(4)(2)(3)(4)(5) 9  9 (7)(5)(3)027(1) 9  9 (7)(3)(2)(1)035 9 (8)(7)(6)(5)(4)(5)(6)(8) 9 (8) 9 (7)(8) 9 (7)(3)(2)(2)(3)(4) 9 (8) 9 013(7)(8) 9  9 (8) 9  9 (8)(7)(6)(4)(3) 9 (8)(7)(6)(5)(3)037(3)(4)(5)(6) 9  9 (8)(6)(7)(3)(2)(1) 9  9  9 (8)(8) 9  9 (8)(7)(5)(4)(3)(5) 9  9  9 (8)013(7)(8) 9 (5) 9 (6)(7)
(5)(3)(4)(6) 9 (8)(7)(5)(4)(2)(1) 9 (8)(7)(6)(5)(4)(2)(3)(4) 9  9 (8)(6)(8)(6)(7) 9  9  9  9 (8) 9 (7)(6)(5)(4)(3)(4)(5)(6)(7)(8) 9 (8) 9 (2)002 9 002(3) 9 (8)(7)(5) 9 (8)(7)(6)(5)(4)(3)(2)(4)(7)(6) 9 (8)(7)(6)(5)(4)(3)(1)026(1)(2)(3) 9  9 002(2) 9 (5)(4)(3)016(3)(4) 9 (8)(7)(6)(7) 9 (7)(6)(8)(7) 9 
